Random 5 by 5 symmetric matrix A:

         1         10          5          3          1 
        10          8          4          8          9 
         5          4          3          1          2 
         3          8          1          9          6 
         1          9          2          6          4 


**diagonalizing**
sweep nr 1
sweep nr 2
sweep nr 3
sweep nr 4
sweep nr 5
sweep nr 6


Diagonalized matrix:

      -8.4   1.21e-13  -2.02e-20          0  -8.59e-10 
  1.21e-13     -0.586  -6.62e-23   1.05e-11   8.18e-14 
  1.46e-16   2.67e-16      0.672   1.31e-13  -4.68e-16 
 -6.02e-18   1.05e-11   1.31e-13        6.2   6.66e-18 
 -8.59e-10   8.16e-14     -1e-15   2.62e-16       27.1 


Vector of eigenvalues and matrix of eigenvectors:
e:
      -8.4     -0.586      0.672        6.2       27.1 
V:

     0.673      0.375     -0.251      0.461      0.361 
    -0.606      0.405      0.194      0.162      0.637 
    -0.155     -0.755     -0.158      0.571      0.235 
    0.0358     -0.189     -0.596     -0.606       0.49 
     0.393       -0.3      0.721      -0.26      0.411 


V^TV:

         1   1.39e-16   1.11e-16   1.39e-17   5.55e-17 
  1.39e-16          1  -1.94e-16   1.94e-16   1.53e-16 
  1.11e-16  -1.94e-16          1   8.33e-17   5.55e-17 
  1.39e-17   1.94e-16   8.33e-17          1   2.64e-16 
  5.55e-17   1.53e-16   5.55e-17   2.64e-16          1 


VV^T:

         1    2.5e-16  -4.16e-17  -8.33e-17   5.55e-17 
   2.5e-16          1   1.67e-16  -5.55e-17  -5.55e-17 
 -4.16e-17   1.67e-16          1  -8.33e-17   2.78e-17 
 -8.33e-17  -5.55e-17  -8.33e-17          1  -1.39e-16 
  5.55e-17  -5.55e-17   2.78e-17  -1.39e-16          1 


V^TAV equals D: True


VDV^T equals A: True


