Random 5 by 5 symmetric matrix A:

         2          4          0          4          6 
         4          9          9          3          8 
         0          9          7          2          1 
         4          3          2          2          1 
         6          8          1          1          7 


**diagonalizing**
sweep nr 1
sweep nr 2
sweep nr 3
sweep nr 4
sweep nr 5
sweep nr 6


Diagonalized matrix:

     -3.95  -8.47e-22  -1.65e-10  -3.44e-13  -2.41e-14 
 -6.38e-16      -3.31  -7.32e-13  -3.95e-17    3.5e-20 
 -1.65e-10  -7.32e-13       2.73          0   -9.1e-09 
 -3.43e-13  -9.56e-17  -6.24e-16       8.28   1.52e-09 
 -2.45e-14   1.05e-17   -9.1e-09   1.52e-09       23.2 


Vector of eigenvalues and matrix of eigenvectors:
e:
     -3.95      -3.31       2.73       8.28       23.2 
V:

     0.563     -0.515     -0.352     -0.449      0.302 
     0.404      0.577      0.156      0.173       0.67 
    -0.205     -0.549    -0.0361      0.688      0.427 
    -0.422      0.292     -0.828    -0.0699      0.214 
    -0.547     -0.123      0.405     -0.539      0.481 


V^TV:

         1  -2.22e-16   1.11e-16   5.55e-17  -2.22e-16 
 -2.22e-16          1   1.04e-16  -2.36e-16  -1.18e-16 
  1.11e-16   1.04e-16          1   2.22e-16          0 
  5.55e-17  -2.36e-16   2.22e-16          1  -5.55e-17 
 -2.22e-16  -1.18e-16          0  -5.55e-17          1 


VV^T:

         1  -1.11e-16   1.11e-16  -2.78e-17  -2.78e-17 
 -1.11e-16          1  -5.55e-17  -5.55e-17   1.67e-16 
  1.11e-16  -5.55e-17          1  -1.53e-16          0 
 -2.78e-17  -5.55e-17  -1.53e-16          1    2.5e-16 
 -2.78e-17   1.67e-16          0    2.5e-16          1 


V^TAV equals D: True


VDV^T equals A: True


