TESTING INVERSE
Randomly generated 5 by 5 matrix A:

         4          6          4          6          3 
         3          1          4          7          8 
         0          4          8         10          6 
         9          0          7          4          3 
         7          3          3          0          4 
Inverse of A:

     0.106     0.0549     -0.135      0.084    -0.0489 
    0.0989    -0.0842     0.0402     -0.101       0.11 
     -0.19     -0.182      0.226     0.0372      0.139 
     0.182      0.117     -0.119     0.0701     -0.244 
    -0.116      0.103      0.037    -0.0987      0.149 
AB is (approx) the identity: True 

